16.551027801770402
74.76700980851541
67.56469343830017
21.933370478420706
63.83206158155673
109.72645902923486
40.77610107050866
42.01991843240818
61.58549314860709
40.073995139034395
72.10934002154688
68.43012885715237
65.71712895933993
13.24110631342677
25.044612560930847
93.47891039770187
54.29771224777366
32.503647225875156
90.82740015442579
42.440524087314856
105.483197799184
55.44803925219379
4.9478843404247925
26.870421149035444
68.62508162190457
90.2264394253129
49.47558125060835
70.52763769768697
69.84002667801744
63.848643254838805
39.74407133355835
73.52978802743684
73.65924102350499
48.69428615866428
59.04343421214817
68.70237723730223
53.64610779733603
28.527915570840467
27.722457644731243
79.21420459144616
18.62139681660586
78.83842908112754
19.92560197465002
74.44339152423879
22.525874800357933
70.05779766948115
71.42684711878886
86.4088956374608
73.96566115383038
88.03637963548735
59.23667030037365
57.33907440532468
64.64430922757776
58.74032285613567
25.472910519230663
30.18854245110289
56.64835069712794
23.533120466725798
16.071290418099615
84.87745917071554
50.36233174959143
34.585403071646326
31.489764233698065
59.07138277222123
55.90207925445157
48.47558107858523
52.171152178066805
67.3679754195791
94.16121516121589
88.51282562675897
28.34645401339671
85.06142601570934
54.08689691038246
40.989071034634506
36.49084603788768
67.85007077036246
42.18164942051378
98.72274325205254
34.949774796919186
45.07326746617587
99.53622500797698
36.65168679946214
76.08576957529495
52.22750701605733
-1.2613386680271077
88.6597621178777
13.348096249303275
88.66902807666682
20.650031017797836
63.45595549643577
74.92741938469042
44.89467490330021
130.25444452614786
18.011321620377625
54.48434597346767
20.25386494489999
31.377178561770297
37.90198090889136
74.48077405176107
67.05102182551632
42.64461716898266
71.68637839701442
41.29306694430857
81.7481138953266
65.13649176326933
47.76446126431537
3.319160660703517
38.24990199606296
29.89473513331724
61.02406933251961
37.27032438895256
41.7143930323496
79.86908365224892
38.99356585070834
55.39090924889775
51.777721279874015
35.32028814529755
18.580879137518945
69.73282229086476
64.73664126064038
29.20730037402446
107.49567210381763
99.28081263821961
65.25788842376845
36.409524588804004
60.64477669562088
38.301711830797515
27.790648249953204
29.58434864647539
55.324271193377115
33.3791936151417
106.88664897561864
24.045227809278575
76.32777682603046
2.8135385891922837
40.92001339760905
50.8929714341631
67.23053367629493
63.32985449760824
66.39992153498441
45.569050147430445
52.92769390640605
42.592999584699335
90.44296424600556
62.28856526526035
54.743477701801055
40.109010236040874
69.09003155666392
72.25149850481526
19.572644346968573
62.39312809093609
20.323809475213164
42.690659108098714
27.620405457105708
47.96070457347293
45.406008832793
38.82577491849551
13.234618018515278
39.14464226500154
54.986883777783135
57.89239673561534
57.74146394411984
51.4427681006791
42.7964366479615
61.53826544502945
60.98663440670899
64.1282188952358
58.68068222601932
76.69426557831852
43.96152574219515
56.0636661134639
76.24186690637157
69.92182555713677
55.402509727559774
22.955009801023515
38.42070811001593
30.05117626416274
65.81707000594335
55.312558572911826
46.76395516149171
43.361209753467335
47.68573816868361
24.737752453934117
18.200009900899055
21.66141635191485
57.226055126023795
26.418748642894588
81.72119974938674
71.86363077347417
90.91143404248041
28.38832662688285
90.3467505957153
35.608746268083785
50.65725284398826
78.72075686614376
40.63993298961068
19.01408248066763
99.16388873383627
32.148357224476044
52.62982452953687
94.1625555611943
29.133836541273872
27.035356367635934
35.854891314841545
41.99633704855913
38.25089246515668
55.968886832578775
60.268311339969365
107.18418898465899
63.87177404321605
46.84915889447947
60.28258485397283
51.32215231266754
46.64878922326877
37.026399932128854
34.76255491326566
54.26466781062697
72.11687062594049
62.10097904966908
40.92759845403619
14.641299143583105
60.29648954591218
19.004077408886587
79.7224861522798
39.97213336722238
70.36474422507021
31.96898999824139
107.82454535506872
51.19532921134662
18.369255899374217
92.7978034099357
74.53104312764737
-1.254400704675902
63.19813601101437
57.68624532005739
91.60037022531515
71.00102251054508
34.229478254783345
44.89996484248971
79.12465315471749
54.84026626619744
71.51512777631092
59.97531982756829
75.2992808923035
53.50579335956464
40.43356960419061
40.22539921741544
29.86149301373497
41.39189422790072
88.53956574912763
28.234692977790743
72.28054137431495
26.05313702973165
41.27492728688994
40.55197707825461
92.0834753611012
57.77003580527076
32.707601883983074
64.21818581439076
50.404017978780644
71.00499148412842
68.95221865617799
72.73871284683716
74.47228768049199
77.96299463249522
14.135443592446137
78.35338505789807
48.51423537179971
69.65395167535394
1.3379198132637384
66.13214872977129
55.78389552303353
97.43552136507725
62.56019947060541
58.67617099829371
88.49117133926175
43.66811612937874
79.90121853525366
69.98112502449759
40.65036570936637
24.472984032830134
33.965051466917075
70.39641261883419
53.83438858332139
63.73396790893142
35.86592360835251
36.066985517669906
30.598449905717835
43.803391611445115
59.849498101923515
40.77207691747631
47.95933798772264
8.91790210518775
58.7591815277043
53.50997947512714
79.88783174362567
25.612031005094348
96.19112984616241
49.32224429447764
37.21186723609037
51.41532627561317
29.802065131093702
65.29044670489338
47.60506108413774
35.65356143383242
15.03018664438433
70.49218473309051
52.76336786466095
40.43606303476539
40.60491789244861
-8.58701955252063
108.5026497128159
42.25111928007582
6.959055889162542
30.449555230514317
42.27281013256468
34.624742849179555
53.56705762410602
23.69770629360933
34.35602614835476
12.017936537933963
32.48016268712185
74.3214366043241
79.61344101782052
65.28015972117562
85.78212252669883
28.374511206119827
74.87637888208137
52.859328954320574
52.37379966212511
32.32622359157922
55.4193170171188
66.08874633116886
68.7341318357826
22.0285910060616
63.04293918729494
23.64013558386064
31.82658623754052
62.915098301603884
49.090469760062945
65.67663543466162
66.82178442163854
76.38519855818706
88.51635507985756
39.538636954886826
81.94650643454305
33.86624087998864
52.13889369106253
30.81212833020699
102.8758438363007
12.720337024323825
36.61755547457821
29.26621685618623
68.56455701696403
36.18331838934286
59.40344711881466
33.81318268304831
72.53727844191295
104.00194305327057
60.851838635569806
33.06140000507601
29.322983490694604
17.473524530740825
52.094968284924896
5.243411417951478
10.969404743682333
67.37528537309866
33.36967220388311
28.618296490025998
37.87806164603553
50.73831619297749
59.73533477130724
36.114869582659836
20.073555762990082
22.7338511948346
89.49812363261348
60.312741658071104
28.635899532734324
57.83094302168548
63.397722236132864
75.43739670619033
10.55465145455372
37.75903628493721
40.79370202756689
48.69455439725039
38.220739424406396
44.03745352752183
41.327867195900275
39.45794432996401
29.60126544492225
68.99616728735572
76.08481283019287
31.85932074327013
17.94995689320656
108.96238713932087
43.718759785747835
85.9928872233663
32.10895452895967
75.20300894246176
45.36167035379536
31.699411014956986
50.22226222060023
26.551027870342402
18.274736546121318
77.15882498798639
74.49312182113727
73.68001545294541
46.801248851033876
21.91180250070444
69.17022283836181
40.12819097079904
49.65131196043105
67.51423486043437
34.000777984322525
66.37628668601832
69.20887051377099
42.971294574549574
65.92936170170991
14.026216872544609
91.76081141298299
34.690839459736445
59.48903935897436
90.93517811325233
50.00689469464717
37.7349907842354
62.972039776742015
56.72087232267447
55.51646837424822
85.61375050063747
72.83715979036054
14.780944912623497
61.96767279852992
75.0551703082963
-3.220045911210775
43.40617955049775
79.84261009740376
34.72953307641961
16.82690725489141
29.375156785451075
11.17554881265142
35.49026055584291
32.528991939796065
20.415445565072716
34.859301683149454
27.74828850534688
36.418374874534464
71.40240114094962
77.00395848799414
59.197935399354094
56.20783645262532
11.766706844217794
18.633659352243292
56.16407362848955
50.05780543278341
72.78068510765782
75.42307920588931
31.757094089183372
96.06734040081423
35.34886727143086
76.60791812054205
25.53722678585929
89.50845635054688
51.0065711386246
-17.482152591496828
45.702247078672485
75.25348442199086
64.0925043767563
18.86058204072286
-8.563356412879074
44.76014436038509
21.081938160024674
69.1335484808542
80.09581534248767
36.77210159810491
39.20622809182988
49.46972415284175
45.35895255787694
50.115175331706226
86.75582496023134
48.06013091843776
60.68580760607743
60.890094282287514
57.04147361029821
29.587920398924062
55.285192263642884
50.142218401727035
42.48330300461785
46.718592806553076
28.694620640512426
27.78104367817607
28.756545111408254
77.63556468300416
11.197897082123283
24.73525257930259
68.86161978887098
73.6653669992404
54.874854697272376
66.95141089630232
5.285635033908257
34.71763769690129
62.4692641833781
55.50917524962493
67.8623200846938
19.617602020909203
18.033865997396262
3.212127357051507
61.96710583419199
10.73336685782268
40.126638885024185
86.0906186650719
41.56698790508629
2.1701449404099122
22.765887189549357
55.42291945863044
83.05034131622375
39.72526204365933
75.4466107770415
62.49050899278724
76.10542681193701
66.18788458043593
68.18936023312057
51.73021946904573
47.505145727314364
91.45094761417275
61.30421026342375
63.5553108774771
55.093244882192366
79.9616008133124
88.87366704201696
85.95136594352081
81.77334184595598
30.884274605034644
44.74747030238229
6.45125595337268
44.28164171182406
64.35646598296441
66.50517888088757
44.35698401108737
65.81448094453381
38.93745505811877
60.92879431966901
84.35083554536234
36.059897290068506
60.31341925062826
53.67464468860492
92.37562916717783
48.904981880143595
36.41443405618674
34.45688968674065
56.682804412430684
34.07377832462439
85.68381626335525
29.060337240118336
81.21311843531622
70.27363545993396
1.6646786793944912
58.342148381323334
61.57358548588367
34.13343469026462
84.12395198930417
60.296009817757486
24.228423081853645
30.39150989413389
45.33642239309981
56.96494090930043
83.59881571297558
23.95951482962512
33.83670160057834
31.046765755282465
28.90613256232777
48.70743143385488
89.48155762311575
62.92499671882848
44.99552811871362
88.9022029389748
57.516157835429574
24.55368551082401
52.60765971608113
56.49271999487685
13.648445837804793
41.080989296814714
45.436592722226656
99.46072441544783
43.52181069738095
40.10679630583361
92.2929538454266
60.9210809287333
55.721211413554656
61.97558983961611
27.025436710587392
32.29582761324707
55.6778230863348
62.93690758578093
35.56689487966362
52.38089838691562
29.739815932521914
11.497572005186967
68.94980918341105
67.33339275831476
66.6770531742491
54.61965273817807
91.66908974136135
54.037870147378435
-12.502366956126778
47.14290591363531
60.10765514113809
40.84348447684209
43.17534579025423
53.96056645621746
17.499577505728602
75.52986096973439
50.781560026964726
70.56739354430204
60.99935319068099
75.25323449591039
64.54553651050793
59.35020208943913
56.61552476187472
52.68998788361462
49.76698349150809
35.163909323525466
71.31816931854307
69.10551969227402
46.61033144466477
45.267715153928954
71.17893314895673
40.012988398148295
42.51115026800278
9.97880626316038
47.72967881751616
23.121309539777094
81.17845242680544
65.49580258480943
104.12973871463404
52.27815293575297
38.79363794154466
32.94903941465855
57.87977251647955
70.79875907984443
33.333924015187804
37.443124261191095
17.70953237447955
99.95586061701798
17.160787993434475
47.164585799131046
59.9555324887797
88.78809864463082
9.970082963161317
60.67822983140074
60.42993763847015
2.0878454504620407
73.52263753444572
63.057856591157915
30.563773231263504
-15.883601025907879
74.86418506450568
65.98154386440737
25.193841872610488
43.66872079128717
36.34037718048904
71.96164989571875
68.82146862719954
45.30718453919246
38.48424018113623
68.93454601344813
38.61853401174117
63.21949257082671
45.93495350415074
29.946797260037417
26.491282299768777
61.974085854276254
68.99701480490353
37.808729582134106
5.975640088016014
28.10142107765996
57.04042799225352
58.61005144219732
29.057827355346568
69.80045070574431
44.19226159629143
18.253699936644615
20.847709699604394
53.80484128781691
49.50334054524627
79.97027311309024
54.04735780973027
30.19672190944707
97.6302110363314
83.07670959543927
92.10249898205798
41.03968976792248
28.84488161163774
33.43551236251929
73.00371152938294
9.732639423813822
73.41513337603955
45.94834458051112
46.65192634237186
26.717946501570626
50.237539253728784
48.47345186690663
86.55848375076748
63.025982049456914
46.65795962171518
43.43196502066422
75.66085878731403
26.25092570586225
51.35150151025278
35.69374538573996
38.989394824391155
38.775014187428866
60.65099902950443
71.73081247951978
40.93551219639497
16.325469692674076
29.02827482836773
68.43837048893747
59.844781792855834
41.24792917534363
46.56283434524704
79.50484260327727
83.38461122026779
65.76137468901497
61.381634821531435
62.07741212921808
0.16293058680826533
7.4064034308447475
48.70297847324515
29.138879399041024
87.65269498177564
59.330813219719275
67.69609088061596
41.393588364849606
17.16578466946818
68.96334811099672
39.586878432881846
55.55685731739291
36.79174233492422
37.158754164039294
81.49371157896181
43.77407570540571
45.03185760760822
59.86784089228576
77.54380703067176
78.66586834077816
73.26685146765351
40.90886946256249
41.5995599865091
67.43664026822044
70.26714705338294
3.9911864963894956
40.98336224588255
51.217637847824015
79.01166185300816
59.69449738636144
69.47169859936565
21.704916709369197
50.88387176695353
65.31564156547088
17.714975739165602
31.10245393400384
95.99248720024386
42.16302013272447
88.27565248537985
62.48570060513527
42.15282361997605
28.494100395723017
38.447915069886974
7.856649480211566
55.97947849072871
19.782544791146574
38.722881385013
0.5889999719150723
65.86745887916683
70.73343049259338
100.85331443777335
78.55055438295324
21.138961857893243
57.377541224374426
63.06673663065925
55.88798252173421
73.3930654125166
66.12774609629042
63.503532665922734
61.09850616797719
29.76157367396106
102.70390728504762
37.27543362320016
70.16435404278855
34.92716266913163
17.716998281758862
45.42194693094782
59.28869421665605
63.6665924390651
21.301067146337864
70.49799295107255
42.98213918097839
39.318572265706486
38.189123563120624
58.81108576454185
82.20474831986378
43.38753621425445
51.547239711081254
53.65539466927036
25.250132212621107
78.96043506396546
55.53493202172086
55.35464288303419
29.92808360904741
27.75759445330514
69.61474968440717
33.28377841692313
53.06300871097979
53.62940801759522
69.58342081416154
75.32112836163648
58.63068295021972
17.352906950854447
59.57206110507283
74.05950284163804
75.65545489504024
37.6500565240753
47.24885412308956
42.23761107854118
88.82632082041223
46.620087062630375
46.49132163610721
59.436386761841035
45.776763950528085
20.458547911604697
27.11567413694929
26.56294415647653
69.81229717793404
62.985985789941466
42.304578295301326
6.356581917266723
58.578631839759524
69.23272734581568
-16.886435743364984
73.6475441476041
49.58124480586699
52.937434206891965
34.92342050711315
51.30116904374545
53.73663849163355
70.00342302315921
63.24166528035591
26.899934729378423
90.81658874087675
72.29071703508758
50.520570929662895
25.395417135775347
42.94708099672146
48.8339005484218
35.03083379299573
16.229839070095487
11.961621785259354
92.741767922209
53.07451093936366
42.33008114708722
23.319617562653022
39.2760321392783
56.16836845761631
103.67775170937045
70.67636361356993
48.719475544573626
17.550928420340057
96.40131435015353
29.42049506783312
8.85173610132415
50.874489143356016
39.16818385687212
-4.369404904499589
31.490488999097096
23.414382180424205
38.28741634485766
52.71130439037474
40.7323730208239
21.072333844377383
101.21987931529108
65.15636434489991
67.23081025234816
24.194730637302463
87.06863848947765
-10.335617123955984
38.32872340916075
127.84562861514685
76.49631966977728
71.9496004328665
49.842163950143956
11.409395917703087
83.32085848254718
68.55516729775857
3.6093930150651232
44.88070566138215
12.476206465775036
83.39743669429618
23.785795742833674
77.82430571071352
34.859808304913045
48.330385377510765
41.53144950952882
31.407179511745042
75.97976093077355
88.23103994936571
38.104202477138614
50.2343486518606
21.10068797079021
20.42429844063041
50.80651328201438
75.4717906707354
63.07495910543909
45.27180175490064
4.992630226399108
40.40785028891531
66.31050349916222
38.89004271005781
54.01668647063383
26.597581464054034
12.116224638248205
54.45796483113409
81.74143032012692
77.98669483446075
37.81606715380292
31.351666012999146
17.044770746050276
19.00724400427422
-7.913260591915233
50.5477486768924
57.51505632730127
52.83560197563404
47.09836250647751
31.732540279697503
55.979346831966254
67.53662556846531
49.511684204005036
14.071742195740512
52.85351130132332
59.23945267342641
53.58560822851479
50.69943328457695
87.96128842849856
14.93992375896844
31.66504458230944
68.82480881067642
48.36652376669899
45.82173151201709
100.54731280313534
31.676477871063298
38.181884762318795
53.5272080308967
36.30872761934024
19.734200538552216
56.18821942718872
66.40478392153432
62.60059906680226
48.473046379496395
56.011936486203915
43.63768184279394
30.986271326693696
53.81908222323708
63.19359996340468
67.24190323230894
37.83522137879182
61.70069586301211
54.47296739772685
31.836555418687396
48.35690745128875
58.54715766408863
76.06415192530656
85.48080039569541
75.51203322772375
33.94259020293849
58.35830622587024
57.247793438414774
72.50880205470673
54.36437015837279
57.67295133821615
19.053262894874887
-60.35189828391218
49.979135958860816
59.06964714768142
52.561336558781925
77.90945848158137
17.061371091013157
58.77673877749688
9.192129143225756
17.280208286142226
75.90839251208416
61.49442581113659
19.473177830680434
26.355407675778725
48.289557252042215
72.12398241823368
71.19598873429118
58.395420654192435
109.84747810631326
66.2538439768168
75.32368374903601
54.54382943847950